nClass 	IR	RMP	RH	ST	DTFS	SA	SD	fAHP
1	89,82	-73,312	105	-38,14	300	83,08	2,7	-0,410084034
1	90,73	-70,719	175	-39,4	392,1	82,69	2,7	-0,485714286
1	276	-76,844	65	-43,22	485,7	89,46	3,1	-0,486466165
1	219,2	-72,219	75	-41,15	319,4	76,74	2,9	-0,513286713
1	88,7	-76,906	245	-39,4	395,6	84,23	2,3	-0,520418848
1	187,8	-72,719	65	-41,93	422,9	77,72	2,9	-0,521164021
1	127,9	-73,375	150	-36,74	446,1	75,98	2,8	-0,555263158
1	174,2	-75,938	95	-38,08	409,8	78,6	2,5	-0,623566879
1	180,3	-76,32	95	-36,75	357	68,51	3	-0,730833333
1	138,9	-80,312	125	-39,08	362,7	84,28	2,7	-0,762222222
1	69,92	-72,062	180	-35,98	327,1	79,42	2,5	-0,767741935
1	135,5	-83,19	130	-38,95	496,4	74,61	2,8	-0,78028169
1	107,4	-87,09	180	-39,35	325,6	76,65	2,2	-0,786875
1	146	-77,031	105	-42,29	381,9	75,45	2,4	-0,797391304
1	141,5	-83,97	180	-38,22	441,6	67,12	2,4	-0,812096774
1	142,7	-71,75	145	-39,62	341,2	82,02	2,7	-0,846601942
1	284,7	-67,91	60	-40,71	266,7	74,41	2,6	-0,865131579
1	76,07	-77,344	215	-33,45	453,9	82,73	2,1	-0,908641975
1	71,79	-78,906	255	-35,14	428,3	78,99	2,1	-0,91221374
1	256,8	-76,969	55	-42,69	469,2	71,22	3,4	-0,930894309
1	100,4	-68,187	110	-40,51	414,4	80,77	2,1	-1,027659574
1	84,02	-78,281	165	-38,1	379,8	84,36	2,1	-1,210091743
2	147,6	-65,406	85	-39,11	317,1	55,3	5,8	-0,334586466
2	88,68	-77,375	185	-44,01	497,4	90,03	2,9	-0,4
2	158,8	-76,563	135	-38,17	411,9	67,83	2,9	-0,466666667
2	195,6	-78,156	105	-46,92	470,3	62,58	2,8	-0,533548387
2	97,31	-78,531	170	-41,89	460,4	86,04	2,2	-0,53483871
2	161,1	-76,875	130	-40,47	495,6	63,98	3,1	-0,536486486
2	153	-74,375	90	-41,92	387,5	83,63	2,4	-0,629508197
2	274,1	-78,53	65	-40,34	473,3	60,68	4,3	-0,643478261
2	145,5	-71,562	110	-41,63	481,9	80,05	3,3	-0,676190476
2	109,4	-73,719	145	-40,73	486,4	82,24	2,2	-0,68880597
2	102,2	-77,87	195	-35,01	496,7	68,37	2,8	-0,692424242
2	94,67	-81,75	240	-42,62	442,6	90,93	2,5	-0,69266055
2	90,39	-77,125	205	-41,24	298,7	70,99	2,8	-0,752542373
2	92,36	-76,469	140	-43,97	437,5	77,92	2,4	-0,805660377
2	106,7	-82,062	140	-41,64	403	85,82	2,5	-0,898148148
2	127,8	-78,469	120	-41,81	429,3	77,72	2,2	-0,969473684
2	118,7	-77,41	155	-35,94	384,9	82,29	2,3	-1,023
2	67,89	-72,25	205	-40,67	432,7	82,92	2,3	-1,069230769
2	248,9	-67,938	45	-43,34	430,2	74,22	2,8	-1,090625
2	124,2	-76,719	130	-39,26	415,5	82,5	2,3	-1,171559633
2	189,6	-72,219	110	-37,71	422,4	74,38	2,4	-1,225806452
2	128,8	-74,156	115	-42,96	393,7	85,42	2,1	-1,258163265
2	233,6	-78,125	65	-42,58	500,8	89,99	2,1	-1,425287356
1	121,3266194	-85,56	170	-31,86	478,8	58,25805664	4,125	-0,407384533
1	73,10165763	-83,6555	220	-34,985	456,78	77,31628418	3,774993896	-0,440638752
1	128,0673146	-82,66135	170	-33,14	481,91	63,72070313	4,349990845	-0,532718937
1	300,4174232	-82,85075	70	-31,575	253,52	46,43249512	6,175003052	-0,600663548
1	169,065237	-81,8132	140	-28,58	504,4	45,53222656	4,200012207	-0,647596803
1	389,9636507	-80,9945	80	-32,745	477,375	56,86950684	6,225006104	-0,672159464
1	96,05060518	-81,4239	140	-33,265	471,49	69,01550293	3,800018311	-0,698950858
1	77,96582282	-84,9653	220	-34,7	419,87	78,09448242	3,050003052	-0,788371341
1	129,8072338	-84,7248	200	-34,515	390,715	70,09887695	4,050018311	-0,790994162
1	230,8217049	-84,6826	140	-32,87	485,41	53,77197266	3,399993896	-1,199535709
2	87,30352521	-86,0903	190	-39,69	392,87	71,25854492	3,824996948	-0,391960518
2	99,06807244	-83,9958	160	-38,255	334,025	76,43127441	3,774993896	-0,449732605
2	117,9806232	-82,4977	160	-35,245	490,46	70,73974609	4,474990845	-0,532481758
2	118,5188293	-84,825	210	-30,61	437,895	63,62915039	2,725006104	-0,55955467
2	135,0372016	-86,0927	150	-37,525	362,3	72,99804688	3,625	-0,874287193
2	72,402215	-83,3613	140	-32,685	243,865	60,66894531	4,125	-0,923497722
2	174,867779	-85,0727	120	-35,34	519,13	71,44165039	3,774993896	-1,075619826
2	122,9396239	-81,27535	100	-37,825	393,385	68,26782227	3,425003052	-1,21942481
1	144,2886257	-71,64	100	-42,33	167,91	92,75	4,74	-0,140074759
1	171,9635391	-71,41	120	-24,14	113,25	61,54	6,42	-0,145005371
1	297,1802521	-73,33	80	-37,74	170,08	40,48	3,27	-0,156285606
1	305,3779793	-78,24	40	-44,86	38,9	83,24	8,75	-0,157622739
1	122,0895958	-69,29	120	-35,06	34,79	74,55	4,31	-0,157707911
1	176,1560249	-79,71	100	-37,89	270,07	74,66	3,3	-0,161694851
1	56,20191097	-76,16	100	-32,87	189,95	89,08	2,76	-0,164173725
1	144,2068768	-80,91	130	-31,58	193,98	59,17	5,56	-0,16778328
1	154,8044395	-81,72	140	-30,1	358,58	63,27	4,17	-0,179072276
1	135,3397274	-78,36	120	-20,05	112,44	46,18	5,97	-0,207715134
1	352,3508453	-54,54	50	-16,04	55,1	28,73	4,77	-0,21325167
1	312,6549149	-66,81	70	-32,99	77,41	85,75	4,65	-0,214359611
1	158,9786243	-79,81	110	-32,57	118,39	76,74	4,75	-0,224911972
1	327,9905701	-69,53	50	-22,32	286,51	33,68	7,38	-0,225636322
1	442,0056152	-64,61	50	-29,46	201,02	82,4	5,41	-0,227492935
1	194,4128418	-80,57	110	-37,11	97,02	78,43	3,6	-0,256867112
1	145,2672863	-80,91	90	-24,81	400,98	56,95	4,57	-0,259652292
1	164,8336029	-80,64	110	-25,37	97,8	67,34	6,92	-0,265440965
1	175,3960419	-68,95	130	-21,4	215,59	63,47	4,46	-0,28931495
1	82,53957748	-79,37	120	-26,35	127,08	71,35	3,99	-0,292146597
1	138,1750584	-84,64	90	-26,12	224,33	51,33	6,57	-0,312188491
1	145,5647659	-73,14	130	-22,7	211,39	65,94	4,2	-0,330056598
1	141,8200874	-82,06	110	-26,35	107,95	62,07	5,59	-0,342521008
1	174,385376	-80,75	110	-19,38	111,32	41,47	4,27	-0,343528654
1	117,0582581	-79,45	160	-26,42	127,8	75,38	3,4	-0,357429719
1	236,5791702	-71,67	70	-33,38	83,83	74,63	3,91	-0,365411053
1	273,3184433	-81,08	70	-18,96	152,75	63,6	6,56	-0,404619827
1	260,4151917	-76,07	70	-31,89	38,53	60,83	3,45	-0,419555902
2	103,2577133	-81,24	190	-15,95	99,38	45,78	5,2	-0,108883787
2	103,2577133	-81,24	190	-14,72	99,61	44,6	4,7	-0,118621778
2	109,3807316	-77,9	100	-33,54	93,21	58,17	9,14	-0,13176306
2	178,5280037	-90,58	80	-39,75	205,52	72,96	5,94	-0,135367762
2	315,9486961	-79,56	50	-35,92	341,23	68,67	7,45	-0,139612452
2	131,9054127	-85,67	100	-31,38	63,09	52,68	8,14	-0,142990779
2	60,48481941	-81,71	190	-36,08	343,33	86,15	4,75	-0,147714515
2	132,0061016	-73,09	150	-32,9	62,82	79,34	4,17	-0,153846154
2	97,18335152	-81,61	180	-33,2	224,68	89,92	4,51	-0,168479263
2	131,9054127	-85,67	100	-36,26	62,85	69,01	5,81	-0,17119823
2	155,9580135	-81,3	110	-30,06	436,19	64,05	6,15	-0,172946692
2	66,36893749	-83,4	190	-38,85	434,85	89,08	4,23	-0,173408685
2	162,7193069	-82,99	100	-30,09	371,79	72	7,93	-0,17648832
2	104,537468	-77,5	120	-24,11	108,18	49,6	10,8	-0,17696031
2	168,4269333	-80,61	90	-33,81	174,75	85,49	5,51	-0,184723305
2	121,4767361	-74,45	170	-22,23	58,38	55,29	6	-0,212994772
2	178,2990646	-78,45	110	-28,51	44,29	61,15	8,61	-0,218473451
2	87,09184647	-78,19	190	-31,47	342,24	83,7	3,48	-0,220595575
2	134,6799946	-74,22	120	-26,56	124,58	57,8	6,27	-0,220595788
2	68,63371372	-84,96	190	-29,29	86,2	52,73	5,92	-0,237826541
2	253,5408974	-75,5	80	-19,7	209,37	47,52	12,49	-0,240631164
2	105,4950142	-78,86	170	-30,91	141,68	71,16	3,87	-0,246694936
2	83,48300934	-79,82	190	-28,99	136,12	77,91	3,84	-0,276172868
2	224,4338799	-83,18	60	-26,57	100,82	59,44	8,78	-0,340306423
2	162,7193069	-88,63	190	-8,63	273,57	40,7	3,87	-0,38072094
1	42,66284369	-81,56	185	-46,415	318,81	76,61437988	3,850006104	-0,241969164
1	156,486851	-82,475	85	-38,88	437,995	58,62426758	8,849990845	-0,33674569
1	81,63871467	-71,505	110	-42,65	382,92	78,70483398	3,925003052	-0,341160416
1	136,4330947	-82,87	130	-38,555	239,66	68,80187988	5,575012207	-0,376816841
1	102,7714878	-77,15	130	-36,36	501,065	65,20080566	4	-0,424197689
1	513,1269217	-77,35	55	-39,32	274,435	50,33874512	8,475006104	-0,502767886
1	163,3140326	-82,78	135	-40,97	358,73	69,79370117	3,524993896	-0,508892436
1	125,0793695	-72,205	85	-50,34	235,08	68,9239502	3,999984741	-0,531073783
1	225,7698357	-81,055	75	-32,79	380,045	51,4831543	9,824996948	-0,53351092
1	165,5376554	-89,235	155	-38,62	504,935	66,00952148	5,024993896	-0,59262872
1	141,6581452	-88,47	150	-39,995	378,5	73,34899902	4,125	-0,612023759
1	112,0197952	-84,99	140	-39,23	391,76	76,24816895	3,300003052	-0,641185284
1	414,586103	-66,865	75	-35,645	310,425	65,00244141	5,175003052	-0,642733432
1	108,1116825	-84,975	200	-35,095	453,02	65,23132324	3,049987793	-0,757087455
1	147,5267887	-83,115	140	-40,1	429,42	74,27978516	3,125015259	-0,92703287
1	331,570971	-80,645	80	-37,14	367,87	52,94799805	3,75	-1,956503383
